302 
- 161, 162, 162, 164, 165, 169, 166, 168, 167
- 97, 107

303 
- 109, 96, 98, 105, 104, 107, 101, 100, 106, 108

305
- 60, 63, 66, 62, 59, 61 64, 65, 67
306
- 74, 71, 75, 80, 72, 73, 76, 79, 77, 81

307
- 183, 184, 185, 186, 187, 188, 189

308
- 86, 111, 153, 152, 151, 156, 149, 110, 147, 140, 141, 193, 142, 143, 144, 145, 97, 85, 84, 125, 128, 129, 132, 134, 116, 135, 133, 131, 130, 127, 120, 155, 139, 112

309
- 83, 87, 89, 90, 91, 88, 92

310
- 40, 43, 44, 45, 46, 47, 49, 50, 51

311
- 52, 54, 55, 56, 57, 58, 53,

312
- 24, 23, 22, 21, 20, 19, 18, 17, 15, 14, 39, 12, 25, 38, 37, 36, 34, 33, 32, 35, 30, 28, 27, .., 26

404
- 170, 171, 172, 173, 174, 175, 176, 177, 178, 179